0 0.273828 0.087500 0.107031 0.027778
0 0.474219 0.144444 0.428125 0.038889
0 0.753516 0.235417 0.002344 0.001389
0 0.497266 0.213889 0.524219 0.050000
0 0.166406 0.201389 0.068750 0.055556
0 0.513281 0.271528 0.537500 0.054167
0 0.483594 0.315278 0.623438 0.030556
0 0.510547 0.379861 0.569531 0.054167
0 0.532031 0.441667 0.523438 0.055556
0 0.561328 0.497917 0.510156 0.040278
0 0.581250 0.550694 0.473437 0.043056
0 0.613672 0.606250 0.442969 0.048611
0 0.638281 0.665278 0.406250 0.036111
0 0.654688 0.725694 0.370313 0.051389
